0 $ 2
0 0 3
0 1 4
0 4 5
0 5 6
0 7 7
0 8 8
2 # 67
2 $ 2
2 2 9
2 3 10
2 6 11
2 9 19
3 # 67
3 0 3
3 2 9
3 3 10
3 6 11
3 9 19
4 # 67
4 1 4
4 2 9
4 3 10
4 6 11
4 9 19
5 # 67
5 2 9
5 3 10
5 4 5
5 6 11
5 9 19
6 # 67
6 2 9
6 3 10
6 5 6
6 6 11
6 9 19
7 # 67
7 2 9
7 3 10
7 6 11
7 7 7
7 9 19
8 # 67
8 2 9
8 3 10
8 6 11
8 8 8
8 9 19
9 $ 12
9 0 13
9 1 60
9 2 9
9 4 15
9 5 31
9 7 16
9 8 17
10 $ 12
10 0 13
10 1 60
10 2 66
10 3 10
10 4 15
10 5 31
10 7 16
10 8 17
11 $ 12
11 0 13
11 1 60
11 2 66
11 4 15
11 5 31
11 6 11
11 7 16
11 8 17
12 # 67
12 $ 63
12 0 3
12 1 4
12 2 9
12 3 10
12 4 5
12 5 6
12 6 11
12 7 7
12 8 8
12 9 19
13 # 67
13 $ 2
13 0 13
13 1 4
13 2 9
13 3 10
13 4 5
13 5 6
13 6 11
13 7 7
13 8 8
13 9 19
14 $ 12
14 0 13
14 1 60
14 2 66
14 4 15
14 5 31
14 7 16
14 8 17
15 # 67
15 $ 2
15 0 3
15 1 4
15 2 9
15 3 10
15 4 53
15 5 6
15 6 11
15 7 7
15 8 8
15 9 19
16 # 67
16 $ 2
16 0 3
16 1 4
16 2 9
16 3 10
16 4 5
16 5 6
16 6 11
16 7 16
16 8 8
16 9 19
17 # 67
17 $ 2
17 0 3
17 1 4
17 2 9
17 3 10
17 4 5
17 5 6
17 6 11
17 7 20
17 8 23
17 9 19
18 $ 12
18 0 13
18 1 60
18 4 15
18 5 31
18 7 16
18 8 17
18 9 19
19 $ 12
19 0 13
19 1 60
19 2 66
19 3 14
19 4 15
19 5 31
19 7 16
19 8 17
19 9 18
20 # 67
20 2 9
20 3 10
20 6 11
20 7 26
20 9 19
21 # 67
21 2 9
21 3 10
21 6 11
21 8 22
21 9 19
22 # 67
22 $ 2
22 0 3
22 1 4
22 2 9
22 3 10
22 4 5
22 5 6
22 6 11
22 7 20
22 8 23
22 9 19
23 # 67
23 $ 2
23 0 3
23 1 4
23 2 9
23 3 10
23 4 5
23 5 6
23 6 11
23 7 7
23 8 21
23 9 19
24 # 67
24 2 9
24 3 10
24 6 11
24 7 25
24 9 19
25 # 67
25 2 9
25 3 10
25 6 11
25 7 26
25 9 19
26 # 67
26 $ 2
26 0 3
26 1 4
26 2 9
26 3 10
26 4 5
26 5 6
26 6 11
26 7 24
26 8 8
26 9 19
27 # 67
27 0 47
27 2 9
27 3 10
27 6 11
27 9 19
28 # 67
28 $ 2
28 0 29
28 1 45
28 2 9
28 3 10
28 4 30
28 5 31
28 6 11
28 7 32
28 8 33
28 9 19
29 # 67
29 0 46
29 2 9
29 3 10
29 6 11
29 9 19
30 # 67
30 2 9
30 3 10
30 4 42
30 6 11
30 9 19
31 # 67
31 $ 50
31 0 27
31 1 4
31 2 9
31 3 10
31 4 5
31 5 28
31 6 11
31 7 7
31 8 8
31 9 19
32 # 67
32 $ 2
32 0 3
32 1 4
32 2 9
32 3 10
32 4 5
32 5 6
32 6 11
32 7 39
32 8 8
32 9 19
33 # 67
33 $ 2
33 0 3
33 1 4
33 2 9
33 3 10
33 4 5
33 5 6
33 6 11
33 7 7
33 8 36
33 9 19
34 # 67
34 2 9
34 3 10
34 6 11
34 8 35
34 9 19
35 # 67
35 $ 2
35 0 3
35 1 4
35 2 9
35 3 10
35 4 5
35 5 6
35 6 11
35 7 7
35 8 36
35 9 19
36 # 67
36 $ 2
36 0 3
36 1 4
36 2 9
36 3 10
36 4 5
36 5 6
36 6 11
36 7 7
36 8 34
36 9 19
37 # 67
37 2 9
37 3 10
37 6 11
37 7 38
37 9 19
38 # 67
38 $ 2
38 0 3
38 1 4
38 2 9
38 3 10
38 4 5
38 5 6
38 6 11
38 7 39
38 8 8
38 9 19
39 # 67
39 $ 2
39 0 3
39 1 4
39 2 9
39 3 10
39 4 5
39 5 6
39 6 11
39 7 37
39 8 8
39 9 19
40 # 67
40 2 9
40 3 10
40 4 41
40 6 11
40 9 19
41 # 67
41 2 9
41 3 10
41 4 42
41 6 11
41 9 19
42 # 67
42 $ 2
42 0 3
42 1 4
42 2 9
42 3 10
42 4 40
42 5 6
42 6 11
42 7 7
42 8 8
42 9 19
43 # 67
43 1 44
43 2 9
43 3 10
43 6 11
43 9 19
44 # 67
44 1 45
44 2 9
44 3 10
44 6 11
44 9 19
45 # 67
45 $ 2
45 0 3
45 1 43
45 2 9
45 3 10
45 4 5
45 5 6
45 6 11
45 7 7
45 8 8
45 9 19
46 # 67
46 $ 2
46 0 29
46 1 4
46 2 9
46 3 10
46 4 5
46 5 6
46 6 11
46 7 7
46 8 8
46 9 19
47 # 67
47 $ 2
47 0 27
47 1 4
47 2 9
47 3 10
47 4 5
47 5 6
47 6 11
47 7 7
47 8 8
47 9 19
48 # 67
48 $ 49
48 2 9
48 3 10
48 6 11
48 9 19
49 # 67
49 $ 50
49 2 9
49 3 10
49 6 11
49 9 19
50 # 67
50 $ 48
50 0 3
50 1 4
50 2 9
50 3 10
50 4 5
50 5 6
50 6 11
50 7 7
50 8 8
50 9 19
51 # 67
51 2 9
51 3 10
51 4 52
51 6 11
51 9 19
52 # 67
52 $ 2
52 0 3
52 1 4
52 2 9
52 3 10
52 4 53
52 5 6
52 6 11
52 7 7
52 8 8
52 9 19
53 # 67
53 $ 2
53 0 3
53 1 4
53 2 9
53 3 10
53 4 51
53 5 6
53 6 11
53 7 7
53 8 8
53 9 19
54 # 67
54 $ 2
54 0 3
54 1 59
54 2 9
54 3 10
54 4 5
54 5 6
54 6 11
54 7 7
54 8 8
54 9 19
55 # 67
55 2 9
55 3 10
55 6 11
55 7 58
55 9 19
56 # 67
56 2 9
56 3 10
56 6 11
56 7 57
56 9 19
57 # 67
57 2 9
57 3 10
57 6 11
57 7 58
57 9 19
58 # 67
58 $ 2
58 0 3
58 1 4
58 2 9
58 3 10
58 4 5
58 5 6
58 6 11
58 7 56
58 8 8
58 9 19
59 # 67
59 $ 2
59 0 3
59 1 60
59 2 9
59 3 10
59 4 5
59 5 6
59 6 11
59 7 7
59 8 8
59 9 19
60 # 67
60 $ 2
60 0 3
60 1 54
60 2 9
60 3 10
60 4 5
60 5 6
60 6 11
60 7 55
60 8 8
60 9 19
61 # 67
61 $ 62
61 2 9
61 3 10
61 6 11
61 9 19
62 # 67
62 $ 63
62 0 3
62 1 4
62 2 9
62 3 10
62 4 5
62 5 6
62 6 11
62 7 7
62 8 8
62 9 19
63 # 67
63 $ 61
63 0 3
63 1 4
63 2 9
63 3 10
63 4 5
63 5 6
63 6 11
63 7 7
63 8 8
63 9 19
64 # 67
64 $ 12
64 0 13
64 1 60
64 4 15
64 5 31
64 7 16
64 8 17
65 $ 12
65 0 13
65 1 60
65 2 66
65 4 15
65 5 31
65 7 16
65 8 17
66 $ 12
66 0 13
66 1 60
66 4 15
66 5 31
66 7 16
66 8 17
67 # 64
67 $ 12
67 0 13
67 1 60
67 2 66
67 4 15
67 5 31
67 6 65
67 7 16
67 8 17
0 - 0
2 - 0
3 - 0
4 - 0
5 - 0
6 - 0
7 - 0
8 - 0
9 - 0
10 - 0
11 - 0
12 - 0
13 - 0
14 - 0
15 - 0
16 - 0
17 - 0
18 - 0
19 - 0
20 - 0
21 - 0
22 - 0
23 - 0
24 - 0
25 - 0
26 - 0
27 - 0
28 - 0
29 - 0
30 - 0
31 - 0
32 - 0
33 - 0
34 - 0
35 - 0
36 - 0
37 - 0
38 - 0
39 - 0
40 - 0
41 - 0
42 - 0
43 - 0
44 - 0
45 - 0
46 - 0
47 - 0
48 - 0
49 - 0
50 - 0
51 - 0
52 - 0
53 - 0
54 - 0
55 - 0
56 - 0
57 - 0
58 - 0
59 - 0
60 - 0
61 - 0
62 - 0
63 - 0
64 - 0
65 - 0
66 - 0
67 - 0
0 _ 0
9 _ 0
10 _ 0
11 _ 0
12 _ 0
13 _ 0
14 _ 0
15 _ 0
16 _ 0
17 _ 0
18 _ 0
19 _ 0
22 _ 0
23 _ 0
26 _ 0
28 _ 0
31 _ 0
32 _ 0
33 _ 0
35 _ 0
36 _ 0
38 _ 0
39 _ 0
42 _ 0
45 _ 0
46 _ 0
47 _ 0
50 _ 0
52 _ 0
53 _ 0
54 _ 0
58 _ 0
59 _ 0
60 _ 0
62 _ 0
63 _ 0
64 _ 0
65 _ 0
66 _ 0
67 _ 0
